807 750
73 64
930 169
544 417
923 179
440 210
492 203
987 179
327 280
840 755
303 293
709 624
560 502
99 27
816 342
97 7
512 158
810 250
979 387
579 382
967 538
393 142
485 153
228 6
194 182
1 1
708 39
668 87
124 83
530 248
722 107
549 525
801 122
977 484
228 10
298 6
635 404
865 3
63 8
425 183
115 81
629 566
517 486
105 89
451 424
188 132
505 348
752 567
716 622
438 197
501 115
871 564
137 99
177 123
294 65
609 533
745 335
635 519
142 60
968 645
260 110
594 217
395 13
113 29
6 3
942 266
82 13
767 172
695 359
671 561
590 556
738 130
616 569
640 254
335 134
972 169
95 79
454 372
289 21
905 607
123 92
813 626
238 71
220 177
366 275
226 163
363 308
844 831
550 532
623 448
385 68
272 190
247 151
496 110
623 197
144 83
735 724
625 255
42 12
0 0
